0.51
0.40347222222222223
0.3481944444444444
0.4338888888888889
0.46291666666666664
0.36777777777777776
0.43680555555555556
0.3436111111111111
0.7038888888888889
0.5427777777777778
0.4490277777777778
0.5104166666666666
0.5843055555555555
0.35638888888888887
0.3626388888888889
0.2743055555555556
0.2856944444444444
0.2876388888888889
0.28097222222222223
0.30125
0.35986111111111113
0.30277777777777776
0.42791666666666667
0.4051388888888889
0.6215277777777778
0.7376388888888888
0.4643055555555556
1.6370833333333332
0.9841666666666666
0.9416666666666667
